image_width: 1936
image_height: 1216
camera_name: narrow_stereo/left
camera_matrix:
  rows: 3
  cols: 3
  data: [1.063647272216487e+03, 0.000000, 9.878495659093429e+02, 0.000000, 1.064024181875127e+03, 6.127562281127211e+02, 0.000000, 0.000000, 1.000000]
distortion_model: plumb_bob
distortion_coefficients:
  rows: 1
  cols: 5
  data: [-0.150117977593548, 0.092887352537302, -5.678731135035178e-04, 0.002140834543625, -0.019965457392019]
rectification_matrix:
  rows: 3
  cols: 3
  data: [1, 0, 0, 0, 1, 0, 0, 0, 1]
projection_matrix:
  rows: 3
  cols: 4
  data: [1.063647272216487e+03, 0.000000, 9.878495659093429e+02, 0.000000, 0.000000, 1.064024181875127e+03, 6.127562281127211e+02, 0.000000, 0.000000, 0.000000, 1.000000, 0.000000]
