image_width: 1936
image_height: 1216
camera_name: narrow_stereo/left
camera_matrix:
  rows: 3
  cols: 3
  data: [1.063495757226841e+03, 0.000000, 9.591057633054479e+02, 0.000000, 1.063045684884632e+03, 6.238125987451841e+02, 0.000000, 0.000000, 1.000000]
distortion_model: plumb_bob
distortion_coefficients:
  rows: 1
  cols: 5
  data: [-0.155965164661514, 0.103187224425480, -6.810928016179349e-04, 0.002438443995318, -0.031644631743383]
rectification_matrix:
  rows: 3
  cols: 3
  data: [0.999994025258373, -9.295401478819508e-04, 0.003329474834021, 9.435487788483220e-04, 0.999990699655224, -0.004208362954684, -0.003325532026434, 0.004211479332716,0.999985602035635]
projection_matrix:
  rows: 3
  cols: 4
  data: [1.063495757226841e+03, 0.000000, 9.591057633054479e+02, 0.000000, 0.000000, 1.063045684884632e+03, 6.238125987451841e+02, 0.000000, 0.000000, 0.000000, 1.000000, 0.000000]
