image_width: 1936
image_height: 1216
camera_name: narrow_stereo/left
camera_matrix:
  rows: 3
  cols: 3
  data: [1047.579004, 0.000000, 971.440688, 0.000000, 1049.468040, 602.479866, 0.000000, 0.000000, 1.000000]
distortion_model: plumb_bob
distortion_coefficients:
  rows: 1
  cols: 5
  data: [-0.136905, 0.055561, -0.001107, 0.000271, 0.000000]
rectification_matrix:
  rows: 3
  cols: 3
  data: [0.999993, -0.003495, 0.001471, 0.003491, 0.999990, 0.002745, -0.001481, -0.002740, 0.999995]
projection_matrix:
  rows: 3
  cols: 4
  data: [1017.610473, 0.000000, 956.232719, 0.000000, 0.000000, 1017.610473, 604.665733, 0.000000, 0.000000, 0.000000, 1.000000, 0.000000]
