# oST version 5.0 parameters


[image]

width
1936

height
1216

[narrow_stereo/left]

camera matrix
1047.579004 0.000000 971.440688
0.000000 1049.468040 602.479866
0.000000 0.000000 1.000000

distortion
-0.136905 0.055561 -0.001107 0.000271 0.000000

rectification
0.999993 -0.003495 0.001471
0.003491 0.999990 0.002745
-0.001481 -0.002740 0.999995

projection
1017.610473 0.000000 956.232719 0.000000
0.000000 1017.610473 604.665733 0.000000
0.000000 0.000000 1.000000 0.000000

# oST version 5.0 parameters


[image]

width
1936

height
1216

[narrow_stereo/right]

camera matrix
1045.752347 0.000000 945.352140
0.000000 1047.229602 611.198537
0.000000 0.000000 1.000000

distortion
-0.136606 0.054359 -0.000995 0.000888 0.000000

rectification
0.999949 -0.009175 0.004259
0.009186 0.999954 -0.002723
-0.004234 0.002762 0.999987

projection
1017.610473 0.000000 956.232719 45.309871
0.000000 1017.610473 604.665733 0.000000
0.000000 0.000000 1.000000 0.000000

