image_width: 1936
image_height: 1216
camera_name: narrow_stereo/right
camera_matrix:
  rows: 3
  cols: 3
  data: [1045.752347, 0.000000, 945.352140, 0.000000, 1047.229602, 611.198537, 0.000000, 0.000000, 1.000000]
distortion_model: plumb_bob
distortion_coefficients:
  rows: 1
  cols: 5
  data: [-0.136606, 0.054359, -0.000995, 0.000888, 0.000000]
rectification_matrix:
  rows: 3
  cols: 3
  data: [0.999949, -0.009175, 0.004259, 0.009186, 0.999954, -0.002723, -0.004234, 0.002762, 0.999987]
projection_matrix:
  rows: 3
  cols: 4
  data: [1017.610473, 0.000000, 956.232719, 45.309871, 0.000000, 1017.610473, 604.665733, 0.000000, 0.000000, 0.000000, 1.000000, 0.000000]
